1405698944666832958
807011779473047552
274617207047323649
1341810941209083934
255019914480451594
1389438540039061574
1326939696885928037
633092374880583720
957448100702740551
389508348095234060
1208590992614105239
1269541948520271934
245033261129138176
612709830817480748
1312477698467168367
481427852953255957
560598879570100239
1284148339578769539
320726266707836929
317783237562728449
1233890551888220240
623542768257597450
1284198563160658002
704034529601388596
400114119069532171
949678239461302344
660903469648969778
320272158263869441
760577959404371988
719009154743664720
395026867545178116
496568023155736577
989693693441237045
1169064717302636658
433297492692434955
979548990712463370
660272868738859068
881550407732719676
1346941456304308355
1219163019909664855
305544090215514112
1058215407724548176
1401280845137838090
481263163040596003
824444124743598141
662465126791643155
310459656147304475
395595890473172995
1351965029544628427
731812967640989748
360411246891368448
1327040289487065110
655406611396952075
932288646969720893
245616464592109569
1408869855783813334
312223346089525248
1094086049812189255
750770100272889987
1206704932481138790
225677303382802432
277935086161362962
454660664036950026
1341059099000967299
676230514910298112
1238216354838872084
989516729686306884
212311754732994562
330393430624698370
1175468690070835360
986376216774856744
1347710703334723614
512231827013107713
883740744479801426
357680825375916032
1381282213605281902
1126687406356176907
471097327399075851
1372650966003744778
1035868258781368343
379517595432386560
447169468750102538
396314578536890369
701187259805728831
402967990464806922
979882940676837437
1345069029919952929
684208634485669893
1061679513899110424
910305696069873696
1386441969072341172
452142476048859157
218916188716138496
393444700566323221
586906051337519115
593615622651248650
587062831254601728
1024731041631572058
651071942534758472
578670908374515722
1385761112653303879
615195119351758857
1211251751957696513
1383223216922693743
414222135658283008
418854507879989259
1345074772547211274
299156138426105858
489280916682964994
637764567044194324
1362599279549616140
1238634813288742992
235919118207942656
751899725833306142
624416608407912449
705134175145033749
367510195904970753
953629739690635274
208747931279294464
1016563113916629022
1296185824488198145
1381716131898720427
1417302916212985969
323967503858663425
1093362963630542888
1406059050898296932
360445756940877825
1224805974041166006
573698512345366554
1278875276314415240
1385464234300936218
340648452402839552
1317261541900288050
372896591503163403
518458865600167937
588782973554393120
1271462408853917792
1401224568483352670
936721655407972382
1304962958245236869
808654231401660428
1019257360050569256
1290366141231009895
581657280639008769
278764626219368449
1190143553947582476
765919247833497642
723943801655263297
362028167445348362
1375010060769689662
870645885174939688
719624590027915477
1074989736579579914
869257176177315840
952270582278414336
505183683569778690
764632522503749642
275610612896366594
525828050005262336
468222365533470721
746395794210422844
732269776994566324
1256058583775318098
1292173559447420938
536383355839709214
1385386696513945810
89828617810345984
839706748889858049
806342357535948801
1398342979936325642
1379506231466791093
245702916911005706
788195292507930665
452446632131428354
542495589422596134
314211561180758016
1098250338047377478
189714869019213825
1057010118585233509
746400761524781057
1157129814730346640
879884459728588840
491696122893434890
195646715498332160
380447459312140299
734429363717668884
783788986250166312
574672875944935424
864349053752311818
670820469922070538
306229537388101632
1080696043223658546
928525289678598224
959958795579174992
550048400733634562
448620354978447360
371448367152103425
695390462390960153
329308805152112641
336186802115444736
1380952392094191708
648289764386275347
568145081618530304
514471570308202506
392685552664576001
398545472031031296
1391963781042536560